-
576 640 576 672
544 640 544 672
-
544 640 544 672
512 640 512 672
-
512 640 512 672
480 640 480 672
-
480 640 480 672
469,9881942374252 640,7879462019112 474,9940971187126 672,3939731009556
460,22291236000336 643,1323829571102 470,11145618000165 673,5661914785551
450,944608016669 646,9755824519444 465,4723040083345 675,4877912259723
442,3817438532817 652,2229123600034 461,19087192664085 678,1114561800017
434,74516600406093 658,7451660040609 457,37258300203047 681,3725830020305
428,22291236000336 666,3817438532817 454,1114561800017 685,1908719266409
422,97558245194443 674,944608016669 451,4877912259722 689,4723040083345
419,13238295711017 684,2229123600033 449,5661914785551 694,1114561800017
416,78794620191115 693,9881942374252 448,3939731009556 698,9940971187126
416 704 448 704
-
416 704 448 704
416 736 448 736
-
416 736 448 736
416 768 448 768
-
416 768 448 768
417,1819193028668 783,0177086438622 448,7879462019112 778,0118057625748
420,69857443566525 797,665631459995 451,13238295711017 787,7770876399967
426,4633736779167 811,5830879749965 454,97558245194443 797,055391983331
434,3343685400051 824,4273842200774 460,22291236000336 805,6182561467183
444,11774900609146 835,8822509939085 466,74516600406093 813,2548339959391
455,57261577992256 845,665631459995 474,3817438532817 819,7770876399966
468,4169120250035 853,5366263220833 482,944608016669 825,0244175480556
482,3343685400051 859,3014255643347 492,22291236000336 828,8676170428898
496,9822913561378 862,8180806971332 501,9881942374252 831,2120537980888
512 864 512 832
-
512 864 512 832
544 864 544 832
-
544 864 544 832
576 864 576 832
-
576 864 576 832
608 864 608 832
-
608 864 608 832
640 864 640 832
-
640 864 640 832
672 864 672 832
-
672 864 672 832
682,0118057625748 863,2120537980888 677,0059028812874 831,6060268990444
691,7770876399966 860,8676170428898 681,8885438199983 830,4338085214449
701,055391983331 857,0244175480556 686,5276959916655 828,5122087740277
709,6182561467183 851,7770876399966 690,8091280733591 825,8885438199983
717,2548339959391 845,2548339959391 694,6274169979695 822,6274169979695
723,7770876399966 837,6182561467183 697,8885438199983 818,8091280733591
729,0244175480556 829,055391983331 700,5122087740277 814,5276959916655
732,8676170428898 819,7770876399966 702,4338085214449 809,8885438199983
735,2120537980888 810,0118057625748 703,6060268990444 805,0059028812874
736 800 704 800
-
736 800 704 800
736 768 704 768
-
736 768 704 768
736 736 704 736
-
736 736 704 736
736 704 704 704
-
736 704 704 704
736 672 704 672
-
736 672 704 672
735,6060268990444 666,9940971187126 704 672
734,4338085214449 662,1114561800017 704 672
732,5122087740277 657,4723040083345 704 672
729,8885438199983 653,1908719266409 704 672
726,6274169979695 649,3725830020305 704 672
722,8091280733591 646,1114561800017 704 672
718,5276959916655 643,4877912259723 704 672
713,8885438199983 641,5661914785551 704 672
709,0059028812874 640,3939731009556 704 672
704 640 704 672
-
704 640 704 672
672 640 672 672
-
672 640 672 672
640 640 640 672
-
640 640 640 672
608 640 608 672
-
608 640 608 672
576 640 576 672
