-
576 640 576 672
544 640 544 672
-
544 640 544 672
512 640 512 672
-
512 640 512 672
480 640 480 672
-
480 640 480 672
469,9881942374252 640,7879462019112 474,9940971187126 672,3939731009556
460,22291236000336 643,1323829571102 470,11145618000165 673,5661914785551
450,944608016669 646,9755824519444 465,4723040083345 675,4877912259723
442,3817438532817 652,2229123600034 461,19087192664085 678,1114561800017
434,74516600406093 658,7451660040609 457,37258300203047 681,3725830020305
428,22291236000336 666,3817438532817 454,1114561800017 685,1908719266409
422,97558245194443 674,944608016669 451,4877912259722 689,4723040083345
419,13238295711017 684,2229123600033 449,5661914785551 694,1114561800017
416,78794620191115 693,9881942374252 448,3939731009556 698,9940971187126
416 704 448 704
-
416 704 448 704
416 736 448 736
-
416 736 448 736
416 768 448 768
-
416 768 448 768
416 800 448 800
-
416 800 448 800
416,7879462019112 810,0118057625748 448,3939731009556 805,0059028812874
419,13238295711017 819,7770876399967 449,5661914785551 809,8885438199983
422,97558245194443 829,055391983331 451,4877912259722 814,5276959916655
428,22291236000336 837,6182561467183 454,1114561800017 818,8091280733591
434,74516600406093 845,2548339959391 457,37258300203047 822,6274169979695
442,3817438532817 851,7770876399966 461,19087192664085 825,8885438199983
450,944608016669 857,0244175480556 465,4723040083345 828,5122087740277
460,22291236000336 860,8676170428898 470,1114561800017 830,4338085214449
469,9881942374252 863,2120537980888 474,9940971187126 831,6060268990444
480 864 480 832
-
480 864 480 832
512 864 512 832
-
512 864 512 832
544 864 544 832
-
544 864 544 832
576 864 576 832
-
576 864 576 832
608 864 608 832
-
608 864 608 832
640 864 640 832
-
640 864 640 832
672 864 672 832
-
672 864 672 832
682,0118057625748 863,2120537980888 677,0059028812874 831,6060268990444
691,7770876399966 860,8676170428898 681,8885438199983 830,4338085214449
701,055391983331 857,0244175480556 686,5276959916655 828,5122087740277
709,6182561467183 851,7770876399966 690,8091280733591 825,8885438199983
717,2548339959391 845,2548339959391 694,6274169979695 822,6274169979695
723,7770876399966 837,6182561467183 697,8885438199983 818,8091280733591
729,0244175480556 829,055391983331 700,5122087740277 814,5276959916655
732,8676170428898 819,7770876399966 702,4338085214449 809,8885438199983
735,2120537980888 810,0118057625748 703,6060268990444 805,0059028812874
736 800 704 800
-
736 800 704 800
736 768 704 768
-
736 768 704 768
736 736 704 736
-
736 736 704 736
736 704 704 704
-
736 704 704 704
735,2120537980888 693,9881942374252 703,6060268990444 698,9940971187126
732,8676170428898 684,2229123600033 702,4338085214449 694,1114561800017
729,0244175480556 674,944608016669 700,5122087740277 689,4723040083345
723,7770876399966 666,3817438532817 697,8885438199983 685,1908719266409
717,2548339959391 658,7451660040609 694,6274169979695 681,3725830020305
709,6182561467183 652,2229123600033 690,8091280733591 678,1114561800017
701,055391983331 646,9755824519444 686,5276959916655 675,4877912259723
691,7770876399966 643,1323829571102 681,8885438199983 673,5661914785551
682,0118057625748 640,7879462019112 677,0059028812874 672,3939731009556
672 640 672 672
-
672 640 672 672
640 640 640 672
-
640 640 640 672
608 640 608 672
-
608 640 608 672
576 640 576 672
