-
512 736 544 736
512 768 544 768
-
512 768 544 768
512,3939731009556 773,0059028812874 544 768
513,5661914785551 777,8885438199983 544 768
515,4877912259723 782,5276959916655 544 768
518,1114561800017 786,8091280733591 544 768
521,3725830020305 790,6274169979695 544 768
525,1908719266409 793,8885438199983 544 768
529,4723040083345 796,5122087740277 544 768
534,1114561800017 798,4338085214449 544 768
538,9940971187126 799,6060268990444 544 768
544 800 544 768
-
544 800 544 768
549,0059028812874 800,3939731009556 554,0118057625748 768,7879462019112
553,8885438199983 801,5661914785551 563,7770876399966 771,1323829571102
558,5276959916655 803,4877912259723 573,055391983331 774,9755824519444
562,8091280733591 806,1114561800017 581,6182561467183 780,2229123600033
566,6274169979695 809,3725830020305 589,2548339959391 786,7451660040609
569,8885438199983 813,1908719266409 595,7770876399966 794,3817438532817
572,5122087740277 817,4723040083345 601,0244175480556 802,944608016669
574,4338085214449 822,1114561800017 604,8676170428898 812,2229123600033
575,6060268990444 826,9940971187126 607,2120537980888 821,9881942374252
576 832 608 832
-
576 832 608 832
576 864 608 864
-
576 864 608 864
575,2120537980888 874,0118057625748 606,8180806971333 879,0177086438622
572,8676170428898 883,7770876399966 603,3014255643347 893,665631459995
569,0244175480556 893,055391983331 597,5366263220833 907,5830879749965
563,7770876399966 901,6182561467183 589,665631459995 920,4273842200774
557,2548339959391 909,2548339959391 579,8822509939085 931,8822509939085
549,6182561467183 915,7770876399966 568,4273842200774 941,665631459995
541,055391983331 921,0244175480556 555,5830879749965 949,5366263220833
531,7770876399966 924,8676170428898 541,665631459995 955,3014255643347
522,0118057625748 927,2120537980888 527,0177086438622 958,8180806971332
512 928 512 960
-
512 928 512 960
501,9881942374252 927,2120537980888 496,9822913561378 958,8180806971332
492,22291236000336 924,8676170428898 482,3343685400051 955,3014255643347
482,944608016669 921,0244175480556 468,4169120250035 949,5366263220833
474,3817438532817 915,7770876399966 455,57261577992256 941,665631459995
466,74516600406093 909,2548339959391 444,11774900609146 931,8822509939085
460,22291236000336 901,6182561467183 434,3343685400051 920,4273842200774
454,97558245194443 893,055391983331 426,4633736779167 907,5830879749965
451,13238295711017 883,7770876399967 420,69857443566525 893,665631459995
448,7879462019112 874,0118057625748 417,1819193028668 879,0177086438622
448 864 416 864
-
448 864 416 864
448 832 416 832
-
448 832 416 832
448 800 416 800
-
448 800 416 800
448 768 416 768
-
448 768 416 768
448 736 416 736
-
448 736 416 736
448 704 416 704
-
448 704 416 704
448 672 416 672
