-
480 704 512 704
480 736 512 736
-
480 736 512 736
481,1819193028668 751,0177086438622 512,7879462019112 746,0118057625748
484,69857443566525 765,665631459995 515,1323829571102 755,7770876399967
490,4633736779167 779,5830879749965 518,9755824519444 765,055391983331
498,3343685400051 792,4273842200774 524,2229123600034 773,6182561467183
508,11774900609146 803,8822509939085 530,7451660040609 781,2548339959391
519,5726157799226 813,665631459995 538,3817438532817 787,7770876399966
532,4169120250035 821,5366263220833 546,944608016669 793,0244175480556
546,334368540005 827,3014255643347 556,2229123600034 796,8676170428898
560,9822913561378 830,8180806971332 565,9881942374252 799,2120537980888
576 832 576 800
-
576 832 576 800
576 832 581,0059028812874 800,3939731009556
576 832 585,8885438199983 801,5661914785551
576 832 590,5276959916655 803,4877912259723
576 832 594,8091280733591 806,1114561800017
576 832 598,6274169979695 809,3725830020305
576 832 601,8885438199983 813,1908719266409
576 832 604,5122087740277 817,4723040083345
576 832 606,4338085214449 822,1114561800017
576 832 607,6060268990444 826,9940971187126
576 832 608 832
-
576 832 608 832
576 832 607,6060268990444 837,0059028812874
576 832 606,4338085214449 841,8885438199983
576 832 604,5122087740277 846,5276959916655
576 832 601,8885438199983 850,8091280733591
576 832 598,6274169979695 854,6274169979695
576 832 594,8091280733591 857,8885438199983
576 832 590,5276959916655 860,5122087740277
576 832 585,8885438199983 862,4338085214449
576 832 581,0059028812874 863,6060268990444
576 832 576 864
-
576 832 576 864
544 832 544 864
-
544 832 544 864
512 832 512 864
-
512 832 512 864
480 832 480 864
-
480 832 480 864
448 832 448 864
-
448 832 448 864
442,9940971187126 831,6060268990444 437,9881942374252 863,2120537980888
438,1114561800017 830,4338085214449 428,22291236000336 860,8676170428898
433,4723040083345 828,5122087740277 418,944608016669 857,0244175480556
429,19087192664085 825,8885438199983 410,3817438532817 851,7770876399966
425,37258300203047 822,6274169979695 402,74516600406093 845,2548339959391
422,1114561800017 818,8091280733591 396,22291236000336 837,6182561467183
419,4877912259722 814,5276959916655 390,97558245194443 829,055391983331
417,5661914785551 809,8885438199983 387,13238295711017 819,7770876399967
416,3939731009556 805,0059028812874 384,7879462019112 810,0118057625748
416 800 384 800
-
416 800 384 800
416 768 384 768
-
416 768 384 768
416 736 384 736
-
416 736 384 736
416,3939731009556 730,9940971187126 384,78794620191115 725,9881942374252
417,5661914785551 726,1114561800017 387,13238295711017 716,2229123600033
419,4877912259722 721,4723040083345 390,97558245194443 706,944608016669
422,1114561800017 717,1908719266409 396,22291236000336 698,3817438532817
425,37258300203047 713,3725830020305 402,74516600406093 690,7451660040609
429,19087192664085 710,1114561800017 410,3817438532817 684,2229123600034
433,4723040083345 707,4877912259723 418,944608016669 678,9755824519444
438,11145618000165 705,5661914785551 428,22291236000336 675,1323829571102
442,9940971187126 704,3939731009556 437,9881942374252 672,7879462019112
448 704 448 672
-
448 704 448 672
480 704 480 672
-
480 704 480 672
512 704 512 672
-
512 704 512 672
544 704 544 672
-
544 704 544 672
544 704 549,0059028812874 672,3939731009556
544 704 553,8885438199983 673,5661914785551
544 704 558,5276959916655 675,4877912259723
544 704 562,8091280733591 678,1114561800017
544 704 566,6274169979695 681,3725830020305
544 704 569,8885438199983 685,1908719266409
544 704 572,5122087740277 689,4723040083345
544 704 574,4338085214449 694,1114561800017
544 704 575,6060268990444 698,9940971187126
544 704 576 704
-
544 704 576 704
544,3939731009556 709,0059028812874 576 704
545,5661914785551 713,8885438199983 576 704
547,4877912259723 718,5276959916655 576 704
550,1114561800017 722,8091280733591 576 704
553,3725830020305 726,6274169979695 576 704
557,1908719266409 729,8885438199983 576 704
561,4723040083345 732,5122087740277 576 704
566,1114561800017 734,4338085214449 576 704
570,9940971187126 735,6060268990444 576 704
576 736 576 704
-
576 736 576 704
586,0118057625748 736,7879462019112 591,0177086438622 705,1819193028667
595,7770876399966 739,1323829571102 605,665631459995 708,6985744356653
605,055391983331 742,9755824519444 619,5830879749965 714,4633736779167
613,6182561467183 748,2229123600033 632,4273842200774 722,334368540005
621,2548339959391 754,7451660040609 643,8822509939085 732,1177490060915
627,7770876399966 762,3817438532817 653,665631459995 743,5726157799226
633,0244175480556 770,944608016669 661,5366263220833 756,4169120250035
636,8676170428898 780,2229123600033 667,3014255643347 770,334368540005
639,2120537980888 789,9881942374252 670,8180806971332 784,9822913561378
640 800 672 800
-
640 800 672 800
640 832 672 832
-
640 832 672 832
639,2120537980888 842,0118057625748 670,8180806971333 847,0177086438622
636,8676170428898 851,7770876399966 667,3014255643347 861,665631459995
633,0244175480556 861,055391983331 661,5366263220833 875,5830879749965
627,7770876399966 869,6182561467183 653,665631459995 888,4273842200774
621,2548339959391 877,2548339959391 643,8822509939085 899,8822509939085
613,6182561467183 883,7770876399966 632,4273842200774 909,665631459995
605,055391983331 889,0244175480556 619,5830879749965 917,5366263220833
595,7770876399966 892,8676170428898 605,665631459995 923,3014255643347
586,0118057625748 895,2120537980888 591,0177086438622 926,8180806971332
576 896 576 928
-
576 896 576 928
560,9822913561378 897,1819193028668 565,9881942374252 928,7879462019112
546,334368540005 900,6985744356653 556,2229123600033 931,1323829571102
532,4169120250035 906,4633736779167 546,944608016669 934,9755824519444
519,5726157799226 914,334368540005 538,3817438532817 940,2229123600034
508,11774900609146 924,1177490060915 530,7451660040609 946,7451660040609
498,334368540005 935,5726157799226 524,2229123600034 954,3817438532817
490,46337367791665 948,4169120250035 518,9755824519444 962,944608016669
484,69857443566525 962,334368540005 515,1323829571102 972,2229123600033
481,1819193028668 976,9822913561378 512,7879462019112 981,9881942374252
480 992 512 992
-
480 992 512 992
480 992 511,6060268990444 997,0059028812874
480 992 510,4338085214449 1001,8885438199983
480 992 508,5122087740278 1006,5276959916655
480 992 505,8885438199983 1010,8091280733591
480 992 502,62741699796953 1014,6274169979695
480 992 498,80912807335915 1017,8885438199983
480 992 494,5276959916655 1020,5122087740277
480 992 489,8885438199983 1022,4338085214449
480 992 485,0059028812874 1023,6060268990444
480 992 480 1024
-
480 992 480 1024
480 992 474,9940971187126 1023,6060268990444
480 992 470,1114561800017 1022,4338085214449
480 992 465,4723040083345 1020,5122087740277
480 992 461,19087192664085 1017,8885438199983
480 992 457,37258300203047 1014,6274169979695
480 992 454,1114561800017 1010,8091280733591
480 992 451,4877912259722 1006,5276959916655
480 992 449,5661914785551 1001,8885438199983
480 992 448,3939731009556 997,0059028812874
480 992 448 992
-
480 992 448 992
479,6060268990444 986,9940971187126 448 992
478,4338085214449 982,1114561800017 448 992
476,5122087740278 977,4723040083345 448 992
473,8885438199983 973,1908719266409 448 992
470,62741699796953 969,3725830020305 448 992
466,80912807335915 966,1114561800017 448 992
462,5276959916655 963,4877912259723 448 992
457,8885438199983 961,5661914785551 448 992
453,0059028812874 960,3939731009556 448 992
448 960 448 992
-
448 960 448 992
442,9940971187126 960,3939731009556 448 992
438,11145618000165 961,5661914785551 448 992
433,4723040083345 963,4877912259723 448 992
429,19087192664085 966,1114561800017 448 992
425,37258300203047 969,3725830020305 448 992
422,1114561800017 973,1908719266409 448 992
419,4877912259722 977,4723040083345 448 992
417,5661914785551 982,1114561800017 448 992
416,3939731009556 986,9940971187126 448 992
416 992 448 992
-
416 992 448 992
416 1024 448 1024
-
416 1024 448 1024
416,7879462019112 1034,0118057625748 448,3939731009556 1029,0059028812873
419,13238295711017 1043,7770876399966 449,5661914785551 1033,8885438199984
422,97558245194443 1053,055391983331 451,4877912259722 1038,5276959916655
428,22291236000336 1061,6182561467183 454,1114561800017 1042,809128073359
434,74516600406093 1069,254833995939 457,37258300203047 1046,6274169979695
442,3817438532817 1075,7770876399966 461,19087192664085 1049,8885438199984
450,944608016669 1081,0244175480555 465,4723040083345 1052,5122087740278
460,22291236000336 1084,8676170428898 470,1114561800017 1054,433808521445
469,9881942374252 1087,2120537980888 474,9940971187126 1055,6060268990443
480 1088 480 1056
-
480 1088 480 1056
495,0177086438622 1086,8180806971332 490,0118057625748 1055,2120537980888
509,665631459995 1083,3014255643347 499,77708763999664 1052,8676170428898
523,5830879749965 1077,5366263220833 509,055391983331 1049,0244175480555
536,4273842200774 1069,665631459995 517,6182561467183 1043,7770876399966
547,8822509939085 1059,8822509939087 525,2548339959391 1037,254833995939
557,665631459995 1048,4273842200773 531,7770876399966 1029,6182561467183
565,5366263220833 1035,5830879749965 537,0244175480556 1021,055391983331
571,3014255643347 1021,665631459995 540,8676170428898 1011,7770876399966
574,8180806971333 1007,0177086438622 543,2120537980888 1002,0118057625748
576 992 544 992
-
576 992 544 992
576 992 544,3939731009556 986,9940971187126
576 992 545,5661914785551 982,1114561800017
576 992 547,4877912259723 977,4723040083345
576 992 550,1114561800017 973,1908719266409
576 992 553,3725830020305 969,3725830020305
576 992 557,1908719266409 966,1114561800017
576 992 561,4723040083345 963,4877912259723
576 992 566,1114561800017 961,5661914785551
576 992 570,9940971187126 960,3939731009556
576 992 576 960
-
576 992 576 960
608 992 608 960
-
608 992 608 960
640 992 640 960
-
640 992 640 960
672 992 672 960
-
672 992 672 960
704 992 704 960
-
704 992 704 960
736 992 736 960
-
736 992 736 960
768 992 768 960
-
768 992 768 960
800 992 800 960
-
800 992 800 960
832 992 832 960
-
832 992 832 960
864 992 864 960
-
864 992 864 960
896 992 896 960
-
896 992 896 960
928 992 928 960
-
928 992 928 960
933,0059028812874 991,6060268990444 928 960
937,8885438199983 990,4338085214449 928 960
942,5276959916655 988,5122087740277 928 960
946,8091280733591 985,8885438199983 928 960
950,6274169979695 982,6274169979695 928 960
953,8885438199983 978,8091280733591 928 960
956,5122087740277 974,5276959916655 928 960
958,4338085214449 969,8885438199983 928 960
959,6060268990444 965,0059028812874 928 960
960 960 928 960
-
960 960 928 960
958,8180806971332 944,9822913561378 927,2120537980888 949,9881942374252
955,3014255643347 930,334368540005 924,8676170428898 940,2229123600033
949,5366263220833 916,4169120250035 921,0244175480556 930,944608016669
941,665631459995 903,5726157799226 915,7770876399966 922,3817438532817
931,8822509939085 892,1177490060915 909,2548339959391 914,7451660040609
920,4273842200774 882,334368540005 901,6182561467183 908,2229123600033
907,5830879749965 874,4633736779167 893,055391983331 902,9755824519444
893,665631459995 868,6985744356653 883,7770876399966 899,1323829571102
879,0177086438622 865,1819193028667 874,0118057625748 896,7879462019112
864 864 864 896
-
864 864 864 896
853,9881942374252 863,2120537980888 848,9822913561378 894,8180806971332
844,2229123600034 860,8676170428898 834,334368540005 891,3014255643347
834,944608016669 857,0244175480556 820,4169120250035 885,5366263220833
826,3817438532817 851,7770876399966 807,5726157799226 877,665631459995
818,7451660040609 845,2548339959391 796,1177490060915 867,8822509939085
812,2229123600034 837,6182561467183 786,334368540005 856,4273842200774
806,9755824519444 829,055391983331 778,4633736779167 843,5830879749965
803,1323829571102 819,7770876399967 772,6985744356653 829,665631459995
800,7879462019112 810,0118057625748 769,1819193028668 815,0177086438622
800 800 768 800
-
800 800 768 800
799,6060268990444 794,9940971187126 768 800
798,4338085214449 790,1114561800017 768 800
796,5122087740277 785,4723040083345 768 800
793,8885438199983 781,1908719266409 768 800
790,6274169979695 777,3725830020305 768 800
786,8091280733591 774,1114561800017 768 800
782,5276959916655 771,4877912259723 768 800
777,8885438199983 769,5661914785551 768 800
773,0059028812874 768,3939731009556 768 800
768 768 768 800
-
768 768 768 800
768 768 762,9940971187126 799,6060268990444
768 768 758,1114561800017 798,4338085214449
768 768 753,4723040083345 796,5122087740277
768 768 749,1908719266409 793,8885438199983
768 768 745,3725830020305 790,6274169979695
768 768 742,1114561800017 786,8091280733591
768 768 739,4877912259723 782,5276959916655
768 768 737,5661914785551 777,8885438199983
768 768 736,3939731009556 773,0059028812874
768 768 736 768
-
768 768 736 768
767,6060268990444 762,9940971187126 736 768
766,4338085214449 758,1114561800017 736 768
764,5122087740277 753,4723040083345 736 768
761,8885438199983 749,1908719266409 736 768
758,6274169979695 745,3725830020305 736 768
754,8091280733591 742,1114561800017 736 768
750,5276959916655 739,4877912259723 736 768
745,8885438199983 737,5661914785551 736 768
741,0059028812874 736,3939731009556 736 768
736 736 736 768
-
736 736 736 768
736 736 730,9940971187126 767,6060268990444
736 736 726,1114561800017 766,4338085214449
736 736 721,4723040083345 764,5122087740277
736 736 717,1908719266409 761,8885438199983
736 736 713,3725830020305 758,6274169979695
736 736 710,1114561800017 754,8091280733591
736 736 707,4877912259723 750,5276959916655
736 736 705,5661914785551 745,8885438199983
736 736 704,3939731009556 741,0059028812874
736 736 704 736
-
736 736 704 736
734,8180806971332 720,9822913561378 703,2120537980888 725,9881942374252
731,3014255643347 706,334368540005 700,8676170428898 716,2229123600033
725,5366263220833 692,4169120250035 697,0244175480556 706,944608016669
717,665631459995 679,5726157799226 691,7770876399966 698,3817438532817
707,8822509939085 668,1177490060915 685,2548339959391 690,7451660040609
696,4273842200774 658,334368540005 677,6182561467183 684,2229123600033
683,5830879749965 650,4633736779167 669,055391983331 678,9755824519444
669,665631459995 644,6985744356653 659,7770876399966 675,1323829571102
655,0177086438622 641,1819193028667 650,0118057625748 672,7879462019112
640 640 640 672
-
640 640 640 672
608 640 608 672
-
608 640 608 672
576 640 576 672
-
576 640 576 672
544 640 544 672
-
544 640 544 672
512 640 512 672
-
512 640 512 672
480 640 480 672
